pinf:
  msgs: {}
  reco: 2021-08-27 16:22:59.862918
  vip: 0
0:
  bat:
    carbone: 20
    energy: 20
    hydro: 20
    puces: 20
    rad: 20
    sp: 20
  flotte:
    Cargo: 0
    Colonisateur: 0
    Croiseur: 250
    Nano-Sonde: 0
    Victoire: 10000
  ress: !!python/tuple
  - 13335
  - 15009
  - 18127
  shield: 2021-08-28 21:12:03.162010
859:
  bat:
    carbone: 20
    energy: 20
    hydro: 20
    puces: 20
    rad: 20
    sp: 20
  flotte:
    Cargo: 0
    Colonisateur: 0
    Croiseur: 250
    Nano-Sonde: 0
    Victoire: 10000
  ress: !!python/tuple
  - 4432
  - 4470
  - 4859
  shield: 2021-08-27 16:57:33.324173
