pinf:
  msgs: {}
  reco: 2021-08-27 17:23:17.285236
  vip: 0
0:
  bat:
    carbone: 20
    energy: 20
    hydro: 20
    puces: 20
    rad: 20
    sp: 20
  flotte:
    Cargo: 0
    Colonisateur: 0
    Croiseur: 250
    Nano-Sonde: 0
    Victoire: 10000
  ress: !!python/tuple
  - 13535
  - 15209
  - 18327
  shield: 2021-08-28 21:12:03.162010
859:
  bat:
    carbone: 20
    energy: 20
    hydro: 20
    puces: 20
    rad: 20
    sp: 20
  flotte:
    Cargo: 0
    Colonisateur: 0
    Croiseur: 250
    Nano-Sonde: 0
    Victoire: 10000
  ress: !!python/tuple
  - 4632
  - 4670
  - 5059
  shield: 2021-08-27 16:57:33.324173
