pinf:
  msgs: {}
  reco: 2021-10-01 11:20:39.120997
  vip: 0
1:
  bat:
    carbone: 24
    energy: 20
    hydro: 22
    puces: 21
    rad: 100
    sp: 21
  flotte:
    Cargo: 1
    Colonisateur: 1
    Croiseur: 2001
    Nano-Sonde: 1
    Victoire: 10000
  ress: !!python/tuple
  - 5500
  - 106434
  - 202410
  shield: 2022-09-05 19:48:24.549229
2:
  bat:
    carbone: 20
    energy: 20
    hydro: 20
    puces: 20
    rad: 20
    sp: 20
  flotte:
    Cargo: 0
    Colonisateur: 0
    Croiseur: 253
    Nano-Sonde: 0
    Victoire: 10001
  ress: !!python/tuple
  - 8350
  - 8475
  - 8645
  shield: 2021-10-01 11:20:23.794551
