pinf:
  msgs: {}
  reco: 2021-08-28 21:04:37.358234
  vip: 0
0:
  bat:
    carbone: 20
    energy: 20
    hydro: 20
    puces: 20
    rad: 20
    sp: 20
  flotte:
    Cargo: 0
    Colonisateur: 0
    Croiseur: 250
    Nano-Sonde: 0
    Victoire: 10000
  ress: !!python/tuple
  - 14260
  - 15934
  - 19052
  shield: 2021-08-31 10:51:01.222631
859:
  bat:
    carbone: 20
    energy: 20
    hydro: 20
    puces: 20
    rad: 20
    sp: 20
  flotte:
    Cargo: 0
    Colonisateur: 0
    Croiseur: 250
    Nano-Sonde: 0
    Victoire: 10000
  ress: !!python/tuple
  - 5357
  - 5395
  - 5784
  shield: 2021-08-28 20:27:24.341788
