pinf:
  msgs: {}
  reco: 2021-09-14 10:25:25.905248
  vip: 0
1:
  bat:
    carbone: 20
    energy: 20
    hydro: 20
    puces: 20
    rad: 20
    sp: 20
  flotte:
    Cargo: 1
    Colonisateur: 1
    Croiseur: 250
    Nano-Sonde: 1
    Victoire: 10000
  ress: !!python/tuple
  - 1826
  - 1906
  - 1331
  shield: 2022-09-05 19:48:24.549229
2:
  bat:
    carbone: 20
    energy: 20
    hydro: 20
    puces: 20
    rad: 20
    sp: 20
  flotte:
    Cargo: 0
    Colonisateur: 0
    Croiseur: 250
    Nano-Sonde: 0
    Victoire: 10001
  ress: !!python/tuple
  - 3281
  - 3331
  - 3381
  shield: 2021-09-14 11:48:44.476824
