pinf:
  msgs: {}
  reco: 2021-09-12 15:44:52.256309
  vip: 0
1:
  bat:
    carbone: 20
    energy: 20
    hydro: 20
    puces: 20
    rad: 20
    sp: 20
  flotte:
    Cargo: 0
    Colonisateur: 0
    Croiseur: 250
    Nano-Sonde: 0
    Victoire: 10000
  ress: !!python/tuple
  - 2254
  - 2254
  - 2254
  shield: 2022-09-05 19:48:24.549229
2:
  bat:
    carbone: 20
    energy: 20
    hydro: 20
    puces: 20
    rad: 20
    sp: 20
  flotte:
    Cargo: 0
    Colonisateur: 0
    Croiseur: 250
    Nano-Sonde: 0
    Victoire: 10001
  ress: !!python/tuple
  - 2004
  - 2054
  - 2104
  shield: 2021-09-12 16:24:10.057067
