pinf:
  msgs: {}
  reco: 2021-10-05 10:47:23.119483
  vip: 0
1:
  bat:
    carbone: 24
    energy: 20
    hydro: 22
    puces: 21
    rad: 100
    sp: 21
  flotte:
    Cargo: 1
    Colonisateur: 1
    Croiseur: 2001
    Nano-Sonde: 1
    Victoire: 10000
  ress: !!python/tuple
  - 8405
  - 108976
  - 205073
  shield: 2022-09-05 19:48:24.549229
2:
  bat:
    carbone: 20
    energy: 20
    hydro: 20
    puces: 20
    rad: 20
    sp: 20
  flotte:
    Cargo: 0
    Colonisateur: 0
    Croiseur: 253
    Nano-Sonde: 0
    Victoire: 10002
  ress: !!python/tuple
  - 10521
  - 10696
  - 10916
  shield: 2021-10-05 11:04:38.375881
