pinf:
  msgs: {}
  reco: 2021-09-29 00:18:31.702122
  vip: 0
1:
  bat:
    carbone: 24
    energy: 20
    hydro: 22
    puces: 21
    rad: 100
    sp: 21
  flotte:
    Cargo: 1
    Colonisateur: 1
    Croiseur: 2001
    Nano-Sonde: 1
    Victoire: 10000
  ress: !!python/tuple
  - 4060
  - 105174
  - 201090
  shield: 2022-09-05 19:48:24.549229
2:
  bat:
    carbone: 20
    energy: 20
    hydro: 20
    puces: 20
    rad: 20
    sp: 20
  flotte:
    Cargo: 0
    Colonisateur: 0
    Croiseur: 253
    Nano-Sonde: 0
    Victoire: 10001
  ress: !!python/tuple
  - 7150
  - 7275
  - 7445
  shield: 2021-09-29 00:39:23.598478
