pinf:
  msgs: {}
  reco: 2021-10-17 19:10:07.701454
  vip: 0
7308:
  bat:
    carbone: 11
    energy: 1
    hydro: 10
    puces: 11
    rad: 11
    sp: 10
  flotte:
    Cargo: 0
    Colonisateur: 0
    Croiseur: 50
    Nano-Sonde: 7
    Victoire: 20
  ress: !!python/tuple
  - 61
  - 3101
  - 5490
  shield: 2021-10-22 01:29:47.252102
