pinf:
  msgs: {}
  reco: 2021-10-21 18:19:14.856460
  vip: 0
1234:
  bat:
    carbone: 20
    energy: 1
    hydro: 11
    puces: 14
    rad: 14
    sp: 14
  flotte:
    Cargo: 0
    Colonisateur: 1
    Croiseur: 450
    Nano-Sonde: 9
    Victoire: 10
  ress: !!python/tuple
  - 1414
  - 11153
  - 16177
  shield: 2021-10-22 01:29:47.265061
